1
2
3
5
6
7
9
10
11
15
16
18
19
20
21
23
25
26
27
28
29
30
31
32
33
34
37
38
39
40
42
43
44
47
48
51
52
53
54
56
58
59
63
64
65
66
74
76
77
78
79
80
81
82
84
85
86
88
90
92
93
94
97
98
99
100
103
109
110
116
117
118
119
121
128
130
131
134
135
136
137
138
139
143
149
150
156
158
161
162
163
166
167
169
171
172
175
178
179
180
181
183
185
187
188
189
190
191
192
196
197
200
201
203
205
207
208
209
211
212
213
214
215
218
221
222
223
224
225
230
231
234
236
238
240
241
242
243
245
248
252
255
259
262
263
264
265
268
270